# realization for 100d_gph
param xbar :=
 1 1  2.3755441636100527
 1 2  3.9819421055136313
 1 3  1.338741583621025
 2 1  2.485697013146184
 2 2  5.03680792050462
 2 3  0.8299885834202767
 3 1  1.8399189222712777
 3 2  6.3978109460885495
 3 3  1.5302887083749157
 4 1  2.0261280537079944
 4 2  6.220663101906643
 4 3  2.98036735247544
 5 1  -0.12519862445113605
 5 2  6.496614938852396
 5 3  1.8323352772485855
 6 1  -0.8581027518686222
 6 2  5.1974893983603145
 6 3  0.9186074331752561
 7 1  0.44402820460761555
 7 2  6.782674240733219
 7 3  2.9676563381023304
 8 1  0.47991353454406366
 8 2  7.220916439937879
 8 3  2.7937188592481026
 9 1  0.3612485333275353
 9 2  6.607994862904251
 9 3  3.9721849917952294
 10 1  0.06749456147618443
 10 2  5.023439534916401
 10 3  4.3972000314551085
 11 1  -0.7880337203982709
 11 2  3.7364863039537433
 11 3  3.4543522918505807
 12 1  0.024026699430474332
 12 2  3.336468634320337
 12 3  4.187610793326564
 13 1  -1.221202263425673
 13 2  3.616125270775036
 13 3  2.343169640782423
 14 1  -1.7368362436269535
 14 2  4.3501473299595235
 14 3  1.6994703904332613
 15 1  -2.0843212597840117
 15 2  4.003397711118412
 15 3  0.6678734779133669
 16 1  -1.6891946378904925
 16 2  3.204116987212872
 16 3  3.0319211155225716
 17 1  0.14788029402826572
 17 2  3.7212976836221725
 17 3  4.338382505850539
 18 1  -1.534908061458983
 18 2  3.8024158532131778
 18 3  2.0721938219296843
 19 1  -1.219594514359907
 19 2  3.2575789655479905
 19 3  0.9567265761839499
 20 1  -1.6461667577902066
 20 2  3.0805462123219303
 20 3  1.1980067737104336
 21 1  -0.8227842057147985
 21 2  3.455927941078391
 21 3  3.2869115606798647
 22 1  -0.09030914673273338
 22 2  3.3730353576742234
 22 3  3.93377090271405
 23 1  1.2515736287009804
 23 2  3.1412043400869782
 23 3  4.751436144407859
 24 1  2.719463836709042
 24 2  3.945887878548915
 24 3  4.12888961492524
 25 1  1.8036059973594576
 25 2  1.7695730819023316
 25 3  4.428399272814758
 26 1  1.7141812351643853
 26 2  0.552167879650297
 26 3  3.4376613578842354
 27 1  2.4646474397416216
 27 2  2.721542758531311
 27 3  4.196438442827992
 28 1  3.4763637514367454
 28 2  3.26271448869388
 28 3  3.467481775849869
 29 1  3.0227187683476773
 29 2  2.5286317313390962
 29 3  1.7847020729411165
 30 1  2.515438991133285
 30 2  1.5083294496681676
 30 3  0.9833253311562984
 31 1  2.65685003766079
 31 2  1.3215259255029055
 31 3  0.9886815549224843
 32 1  1.8061928658215984
 32 2  1.6857870432380047
 32 3  0.1568615280796581
 33 1  1.021178625745163
 33 2  3.617087488652564
 33 3  -0.358186885471799
 34 1  0.10901387889659529
 34 2  3.7298499786924353
 34 3  -1.2135011496715669
 35 1  2.029873606851633
 35 2  3.9486308548392812
 35 3  0.27523171681772846
 36 1  2.847262598213355
 36 2  3.937268389386481
 36 3  1.300760639640419
 37 1  2.168095459541755
 37 2  0.86556961184326
 37 3  0.9558657498791727
 38 1  1.9395905216126261
 38 2  0.004367488199198636
 38 3  2.058996731690513
 39 1  3.23591742958621
 39 2  0.2869452083541899
 39 3  1.1783445285674572
 40 1  2.6745255498822122
 40 2  2.056418289073604
 40 3  0.5886215083121534
 41 1  3.5101803411543173
 41 2  3.1067513100678785
 41 3  0.8301275200085577
 42 1  2.841969425078137
 42 2  4.738739997659645
 42 3  0.9491782210842994
 43 1  1.588160366763756
 43 2  4.9786356209501825
 43 3  1.3433890745767034
 44 1  2.111502604675207
 44 2  4.900310652142642
 44 3  2.7375208629229184
 45 1  1.3670303243170594
 45 2  4.224034444885625
 45 3  3.8449912993176376
 46 1  1.5889985945058878
 46 2  5.10642981220017
 46 3  2.0364604642682123
 47 1  0.5342373747162664
 47 2  5.24075153069057
 47 3  0.6365329562564404
 48 1  -0.5066983058914806
 48 2  4.439016623294414
 48 3  0.4904118044823828
 49 1  -1.0723449562198153
 49 2  3.361685328458114
 49 3  2.0589370008364924
 50 1  -1.6322899298890527
 50 2  2.380636065632852
 50 3  1.6854272181675478
 51 1  -1.8985557997552833
 51 2  2.2361339275861236
 51 3  0.7300966957703865
 52 1  -2.554654017567781
 52 2  1.61401422722306
 52 3  -0.5245782420944426
 53 1  -3.1087979740724125
 53 2  1.268073701747654
 53 3  -0.8823101546467513
 54 1  -1.757714101689641
 54 2  1.1209189391744998
 54 3  0.30577887381294444
 55 1  -0.5150167545905445
 55 2  1.483380677451575
 55 3  1.252692400606361
 56 1  -0.020709121008115956
 56 2  0.8979826211124129
 56 3  2.1180887807836464
 57 1  -0.09270007858115235
 57 2  3.251720266138267
 57 3  -0.0354784882944655
 58 1  -1.0935273908289254
 58 2  3.474765779009408
 58 3  0.0631471738837395
 59 1  0.6193989045124386
 59 2  2.5944986361807354
 59 3  4.099878922886487
 60 1  0.1390445454980479
 60 2  2.8336674410725755
 60 3  3.9479013452837126
 61 1  0.9342030367891271
 61 2  1.0852187035290577
 61 3  2.3506909530766196
 62 1  2.0932224904150387
 62 2  1.8205636331319035
 62 3  3.732705532653874
 63 1  3.421807716385867
 63 2  1.6050685511962546
 63 3  4.273318055482038
 64 1  4.861461669710566
 64 2  2.0870294072369857
 64 3  3.487278425790658
 65 1  4.383883302201454
 65 2  2.256558210638029
 65 3  1.9630713332933953
 66 1  4.784567648283907
 66 2  3.41360372376864
 66 3  2.919248986006221
 67 1  4.606592814408573
 67 2  4.601105693165163
 67 3  2.9128619177609636
 68 1  5.1057766281260015
 68 2  1.947508708033767
 68 3  2.5081295090960807
 69 1  4.585791600448113
 69 2  1.043402276220682
 69 3  1.2003387154040188
 70 1  3.4422159334778453
 70 2  1.1055632322478992
 70 3  0.344216278813685
 71 1  2.843127926714014
 71 2  1.8536354582532368
 71 3  -0.05225367579311686
 72 1  1.8505489183759085
 72 2  1.4232609457740386
 72 3  -0.7674028195070717
 73 1  1.7428220719307674
 73 2  0.37596451548830306
 73 3  -0.8184176088061199
 74 1  0.7577480485674768
 74 2  -0.5678959742486567
 74 3  -1.355318228838472
 75 1  0.015647000581985152
 75 2  -0.709246686174211
 75 3  -1.9481438599620944
 76 1  1.1005156301700214
 76 2  -2.4051633031985693
 76 3  0.08586526971835479
 77 1  1.9536112827373413
 77 2  -2.382203131881976
 77 3  0.5432376270292746
 78 1  1.4751408238706605
 78 2  -3.4047009390456746
 78 3  0.730215258536097
 79 1  2.902269317503905
 79 2  -1.3942569671649068
 79 3  1.0055443096394219
 80 1  2.7232593943098267
 80 2  -0.07195352882677593
 80 3  0.21612378773932808
 81 1  3.28473983595894
 81 2  4.66781102649846
 81 3  0.7647930013277862
 82 1  2.8203651395147062
 82 2  4.523071128824385
 82 3  0.5651306455100699
 83 1  2.499354655931225
 83 2  5.418224473018452
 83 3  1.833807204175034
 84 1  3.546576179945989
 84 2  2.9052728149294
 84 3  0.5645034316681495
 85 1  3.0987971329610713
 85 2  1.5200825856280757
 85 3  0.7836215301612375
 86 1  3.0312688907702157
 86 2  0.5895550627316605
 86 3  0.94078149422991
 87 1  2.078819488694879
 87 2  1.3816683760069504
 87 3  3.9248916163334124
 88 1  3.3145654915306664
 88 2  0.1638523138362868
 88 3  2.8074220256260602
 89 1  4.573220538635628
 89 2  -0.5749955763007728
 89 3  3.0212746211193617
 90 1  2.290058638708256
 90 2  -0.8795349730906835
 90 3  3.1152641426365704
 91 1  1.345377055748513
 91 2  0.3653968585175
 91 3  3.908935009336432
 92 1  0.22576549901632556
 92 2  0.40688009509715706
 92 3  3.0901995786620664
 93 1  -0.7201822885149459
 93 2  -0.25001075003807977
 93 3  2.401885627506775
 94 1  -0.6985516676517026
 94 2  -1.177886675601246
 94 3  2.1637489145210305
 95 1  -1.6038637175921178
 95 2  -0.036180135587438086
 95 3  1.6162864916331854
 96 1  -1.4573136497831805
 96 2  1.030126457402212
 96 3  1.2206583143847718
 97 1  -2.192305084425854
 97 2  1.115508265792542
 97 3  -0.1467431760848411
 98 1  -0.7351791555156907
 98 2  2.131202700964831
 98 3  1.27522891669951
 99 1  0.1465573902130781
 99 2  1.482416117916597
 99 3  2.711286869207934
 100 1  5.519876398969469
 100 2  -1.6444433596212045
 100 3  3.006816381443279
 101 1  4.149499174718245
 101 2  -1.5620243879444982
 101 3  3.567918159775398
 102 1  6.907398174894827
 102 2  -1.0992045861072732
 102 3  2.6407522444521483
 103 1  4.681958580281404
 103 2  -2.653982136339905
 103 3  1.9238116061958603
 104 1  5.53501313689241
 104 2  -2.8887787854045905
 104 3  0.8867568259363077
 105 1  4.749070362219986
 105 2  -3.0854632414777026
 105 3  -0.6127074142411384
 106 1  3.484590482360857
 106 2  -3.2522715469263974
 106 3  -0.020643569738127143
 107 1  4.1452252151980975
 107 2  -1.9422715510535886
 107 3  -1.2367550903550721
 108 1  4.998962143546325
 108 2  -0.6828143778731702
 108 3  -1.492721749060523
 109 1  3.4042222874223396
 109 2  -2.6978099758566203
 109 3  -2.1784840242448205
 110 1  2.7146979717386093
 110 2  -3.40466532724251
 110 3  -1.0856436949338848
 111 1  1.5145246193749387
 111 2  -3.4635398336221095
 111 3  -0.5687243588578569
 112 1  1.450673368158129
 112 2  -2.964080067546584
 112 3  0.6880611466921644
 113 1  0.17930962886633245
 113 2  -2.8272425713560656
 113 3  0.9422751618978074
 114 1  -0.4474844477403322
 114 2  -3.3164727339579185
 114 3  -0.24590129488517487
 115 1  -1.6680995843058226
 115 2  -3.403974586228096
 115 3  -0.5688320447120976
 116 1  -2.60415410143593
 116 2  -3.0597888567548313
 116 3  0.47208799970877696
 117 1  -1.7122643321806088
 117 2  -3.6798303781886434
 117 3  -2.028987417974816
 118 1  -1.0451931327548378
 118 2  -3.6341372126988163
 118 3  -3.0704772095510666
 119 1  -1.4738746869305237
 119 2  -3.856987863971545
 119 3  -4.19582577918017
 120 1  0.12034454768426939
 120 2  -3.743736866505885
 120 3  -2.6194179037242
 121 1  0.24225513003835109
 121 2  -3.6097505130652863
 121 3  -1.1900248053642761
 122 1  4.860558137500674
 122 2  0.7111949620576667
 122 3  -1.3251219760581214
 123 1  4.550842573731132
 123 2  1.0823872905171619
 123 3  -0.352105279607075
 124 1  3.7996501775860354
 124 2  1.6114616746604038
 124 3  -0.5777913121505728
 125 1  3.6455165516665717
 125 2  0.972799417821403
 125 3  -2.5922242024074893
 126 1  3.712528523264914
 126 2  0.8891311581200615
 126 3  -3.885680302317886
 127 1  2.4029748460430405
 127 2  0.45453003405355424
 127 3  -4.657512720302136
 128 1  1.6202122139905275
 128 2  0.043024163385247526
 128 3  -3.7781901964554048
 129 1  1.9812565153447121
 129 2  -1.1084905881022666
 129 3  -4.228239854667376
 130 1  2.956767467718686
 130 2  -2.2005841579067154
 130 3  -4.692778009376518
 131 1  0.550591998506128
 131 2  -1.123066068237127
 131 3  -4.523287319396308
 132 1  0.20239783127684186
 132 2  0.2513942115737277
 132 3  -3.9865666564118576
 133 1  -0.5391176744695743
 133 2  0.08105985223750299
 133 3  -2.8175085174338044
 134 1  -1.8994895941053576
 134 2  -0.25728931354909634
 134 3  -2.8658297719532375
 135 1  -2.3090121159097423
 135 2  -0.45518342397729994
 135 3  -3.9264155406290335
 136 1  -2.3101251918233388
 136 2  -0.17539336163824246
 136 3  -1.5457575212390853
 137 1  -2.0372149910730175
 137 2  -0.08072436417805982
 137 3  -0.24445525535882667
 138 1  -2.38181069645108
 138 2  0.10949910924541402
 138 3  0.5444839409404891
 139 1  -0.5266772728331536
 139 2  0.38868926585615377
 139 3  -0.41846359478209105
 140 1  0.26914794048796437
 140 2  0.3620128168057072
 140 3  -1.5476287099873418
 141 1  3.0915404457293953
 141 2  -3.5657789273129894
 141 3  -4.432001625796458
 142 1  3.013341822975947
 142 2  -3.4114704207824964
 142 3  -2.374935901454064
 143 1  3.4404410985757905
 143 2  -4.113720611150299
 143 3  -2.979896801015308
 144 1  1.5283922987384027
 144 2  -4.112615160808971
 144 3  -4.635093061361903
 145 1  1.211767491673199
 145 2  -4.5887037847781675
 145 3  -5.177639483093868
 146 1  -0.24503088670870082
 146 2  -5.190865861011626
 146 3  -5.175152468208157
 147 1  -1.097732224733692
 147 2  -3.787162772337497
 147 3  -5.092028756480639
 148 1  -0.6467515339893214
 148 2  -5.434984614847552
 148 3  -4.055004765515264
 149 1  0.9148547022852868
 149 2  -5.510862580280591
 149 3  -2.6986395666860736
 150 1  -1.7664990408596108
 150 2  -4.820746147049407
 150 3  -4.710242971094445
 151 1  -2.402265056388161
 151 2  -4.442508740610939
 151 3  -4.485232513015151
 152 1  -2.6351451138009323
 152 2  -4.131059472448903
 152 3  -3.2272504441067045
 153 1  -3.8785719660782765
 153 2  -4.2764532856042665
 153 3  -2.2744663887108554
 154 1  -4.21392997655276
 154 2  -4.126915886249589
 154 3  -2.5139217009453962
 155 1  -3.9880265647078006
 155 2  -4.076422214206932
 155 3  -1.0883287072657344
 156 1  -2.4919738147559163
 156 2  -3.6436118443068297
 156 3  -0.30698062202255394
 157 1  -2.4052946902409476
 157 2  -3.1761192814916517
 157 3  0.9789266267079867
 158 1  -1.4613574219620404
 158 2  -3.381868348707289
 158 3  -0.7387776254881278
 159 1  -1.4244031551014422
 159 2  -3.5800375799967084
 159 3  -2.1673547981472736
 160 1  -0.4468530063516499
 160 2  -4.729430970093661
 160 3  -0.9994690010320152
 161 1  -1.5344447439854008
 161 2  -4.514645717276508
 161 3  -1.033866552326678
 162 1  0.7907865047776163
 162 2  -4.7571492692280435
 162 3  -0.7278735067400146
 163 1  0.26788629482280024
 163 2  -2.3360658791651963
 163 3  -1.9836356899366663
 164 1  0.7744795166095844
 164 2  -2.1701736755377015
 164 3  -2.4531842316505976
 165 1  -0.019115860070772886
 165 2  -1.4250365948938268
 165 3  -2.9464401744892044
 166 1  -0.7178546248986771
 166 2  -1.136360102552194
 166 3  -3.9182372762772224
 167 1  -1.8605587418212075
 167 2  -3.0736201356990946
 167 3  -3.357363886024568
 168 1  -2.2445845983544412
 168 2  -3.95103539912258
 168 3  -2.4554216316212822
 169 1  -1.7745027581168824
 169 2  -1.8353985790127134
 169 3  -3.201326181306519
 170 1  -1.9049704787057922
 170 2  -0.4321613303857474
 170 3  -3.5926179090524766
 171 1  -3.0778313746545765
 171 2  -0.1287875674653506
 171 3  -3.096580020676842
 172 1  -3.7586421712708984
 172 2  -1.0503786044124457
 172 3  -3.210017311332238
 173 1  -4.710619702966619
 173 2  -0.5023098044086834
 173 3  -2.1512867505094366
 174 1  -4.295324543699907
 174 2  0.26662218050327446
 174 3  -0.9078329501081198
 175 1  -3.724426984184242
 175 2  0.8425525519245318
 175 3  -0.19298381394884986
 176 1  -4.23092356903247
 176 2  0.6880003108727508
 176 3  -0.5484923653126873
 177 1  -2.7482319127301205
 177 2  0.9492837469797263
 177 3  0.4516857413641176
 178 1  -2.527815632823658
 178 2  1.5058527262474055
 178 3  0.5728275043956329
 179 1  -1.4099098164889075
 179 2  1.923489474172043
 179 3  1.4402306617290253
 180 1  -2.998143077616852
 180 2  0.9876905783985473
 180 3  -0.7793946805534399
 181 1  -3.577335781486397
 181 2  0.2585150553003014
 181 3  -1.6626177825852837
 182 1  -2.5726424229767306
 182 2  -4.655278921282399
 182 3  -1.3237445261032617
 183 1  -1.9357941579679967
 183 2  -5.277350941704064
 183 3  -0.2512279660836942
 184 1  -1.586496574294245
 184 2  -5.2922871359312245
 184 3  -0.7449233127946983
 185 1  -3.1997895763237847
 185 2  -3.3633514649204845
 185 3  -0.5944120189830939
 186 1  -3.5600647930879723
 186 2  -2.591674969699413
 186 3  0.06208324833219003
 187 1  -3.09859709130673
 187 2  -1.380067777946142
 187 3  1.051868873756118
 188 1  -1.0814602159054685
 188 2  -1.820581966511023
 188 3  1.1450447916116389
 189 1  -2.762968791163317
 189 2  -0.8042306502636919
 189 3  1.5294334707592103
 190 1  -3.877312692108493
 190 2  0.42994560565967155
 190 3  1.4086602692629837
 191 1  -1.5300303356454683
 191 2  -0.0679321746104282
 191 3  2.118083508921027
 192 1  -1.9343313194902958
 192 2  0.39477182262416316
 192 3  3.1521250813955386
 193 1  -0.31505049178194233
 193 2  -1.176679073502737
 193 3  1.6130284127837464
 194 1  0.211697162154659
 194 2  -1.1011040553808045
 194 3  0.5890581253010052
 195 1  0.14373149622040846
 195 2  -1.2498021757912465
 195 3  -0.2339727496946946
 196 1  0.09981877848696537
 196 2  -0.7100201163554059
 196 3  -1.7203893315045167
 197 1  0.2113047941029183
 197 2  1.9920489957903436
 197 3  -1.15658509194986
 198 1  -0.03244324679055183
 198 2  1.3977087205664074
 198 3  -2.327940694605011
 199 1  -0.7911553924378727
 199 2  1.0389866080962444
 199 3  -3.3301577045452424
 200 1  1.0167301390794319
 200 2  1.0565064668319852
 200 3  -2.3866073171665723
 201 1  2.1373086306519578
 201 2  1.0356818223503292
 201 3  -1.1823258855270973
 202 1  2.9549047027137942
 202 2  -0.09187099252169967
 202 3  -0.9555756553671471
 203 1  1.6255359852867448
 203 2  1.566966952114038
 203 3  0.310612405357977
 204 1  0.7357763666641756
 204 2  1.613034167210829
 204 3  -0.0563258898259104
 205 1  -18.1906
 205 2  -7.24566e-07
 205 3  8.93718e-05
 206 1  -0.6849376171439363
 206 2  -3.970232514360767
 206 3  0.06941044826485375
 207 1  0.45113014422693026
 207 2  -4.970202649485748
 207 3  1.0746361048189352
 208 1  1.6067426950210981
 208 2  -4.3589002097510825
 208 3  0.6555618694142111
 209 1  2.210184759464807
 209 2  -4.681243198721295
 209 3  -0.47821772814969443
 210 1  1.9601018931014498
 210 2  -3.1104693695599033
 210 3  0.9489628018036288
 211 1  2.1651258460536282
 211 2  -2.2645875697035875
 211 3  2.0955971477083186
 212 1  3.046054756836391
 212 2  -2.360665797525795
 212 3  0.02234544807735544
 213 1  3.4646841806215183
 213 2  -1.9644208219097792
 213 3  0.35269003825273254
 214 1  2.8067295814814974
 214 2  -3.307345085114672
 214 3  -1.1307151660276797
 215 1  2.2055156687549418
 215 2  -3.4223886937375023
 215 3  -2.448175985165426
 216 1  1.9669602173463143
 216 2  -2.2909481910479563
 216 3  -3.287639261964361
 217 1  2.547826255136702
 217 2  -1.487715616439019
 217 3  -2.902233055879466
 218 1  1.0407857203330988
 218 2  -1.506672987318038
 218 3  -3.7269982872032266
 219 1  0.2527246613869359
 219 2  -2.1475947691580464
 219 3  -4.318661430030476
 220 1  -1.0141537913112848
 220 2  -1.2495002750147917
 220 3  -4.476078272484282
 221 1  0.6177729862421031
 221 2  -3.5323422660359465
 221 3  -4.089445934737167
 222 1  1.0674366612968111
 222 2  -4.190737804532338
 222 3  -2.855657441948142
 223 1  1.5205238382737662
 223 2  -1.0495081750677748
 223 3  2.8703053225621504
 224 1  0.010710745221834447
 224 2  -1.184641951424834
 224 3  3.5019967029709185
 225 1  0.27346141426027964
 225 2  -1.2102976659535605
 225 3  3.2416139875928844
 226 1  1.5250209361401184
 226 2  -0.06779496500739454
 226 3  1.7136288288411095
 227 1  1.9388491283160232
 227 2  0.6194052174902224
 227 3  1.5640300557967324
 228 1  1.5361945432475521
 228 2  1.7734942653109826
 228 3  0.048674150875365856
 229 1  1.2482994990670304
 229 2  1.1938436833695134
 229 3  -0.9438617999467607
 230 1  0.4142061520191474
 230 2  2.4544863117685343
 230 3  0.2517124034994312
 231 1  0.1676745336845637
 231 2  3.47107720194514
 231 3  1.1131305488325414
 232 1  0.65522974395862
 232 2  1.6841938849093063
 232 3  0.49634036432679024
 233 1  -0.5452086072462966
 233 2  0.9279828840006816
 233 3  -0.5196675824735022
 234 1  -0.9923555022995294
 234 2  -0.7693343792110824
 234 3  -0.8098145532892993
 235 1  0.08720343617557064
 235 2  -1.9411737380327587
 235 3  0.38218098706118825
 236 1  0.6761226439392157
 236 2  -1.443777196750975
 236 3  1.164490940031539
 237 1  -0.826352384826271
 237 2  -2.0375115294778627
 237 3  -0.09817360257534095
 238 1  -1.541181626232283
 238 2  -2.3437063915165317
 238 3  -0.8643801063918543
 239 1  -2.6784952272551865
 239 2  -2.0527757978894323
 239 3  -1.5291409974728685
 240 1  -1.4968946159055279
 240 2  -2.081661835015923
 240 3  -0.7852741673887622
 241 1  -1.1191138966103888
 241 2  -0.7437113347046383
 241 3  -0.8292769631915347
 242 1  -0.08253174772498925
 242 2  3.995776478582245
 242 3  3.096319820478682
 243 1  -0.5981766651960382
 243 2  3.9703260597422427
 243 3  2.9473398910075326
 244 1  -1.9061429596949133
 244 2  3.544264195949851
 244 3  2.652275525136045
 245 1  1.0060624796033963
 245 2  3.0997809046706144
 245 3  3.877175927126243
 246 1  1.322870676507659
 246 2  1.802085619199024
 246 3  4.025316436313904
 247 1  0.6695095935503836
 247 2  0.6695288976419504
 247 3  4.731022566742745
 248 1  0.8099438361325396
 248 2  -0.2909580241897773
 248 3  3.8829338638080717
 249 1  -0.06924915859175523
 249 2  1.322147610579721
 249 3  3.741689328488741
 250 1  -0.49479294196691315
 250 2  2.7093299306452527
 250 3  3.118688717874262
 251 1  0.4135692718205305
 251 2  -0.4202866402365429
 251 3  2.2786032816239477
 252 1  -0.6476753987342845
 252 2  -0.7488126298663947
 252 3  4.1451543141171046
 253 1  -1.6018812333547852
 253 2  -1.2822935396731598
 253 3  3.758232840457852
 254 1  -1.8231921398814501
 254 2  -1.2379926195704645
 254 3  3.5548447856457965
 255 1  -3.292322718691038
 255 2  -2.1596337249034896
 255 3  3.036813838058951
 256 1  -3.588257835149168
 256 2  -1.989996901082956
 256 3  2.8692704547682
 257 1  -4.885842632551919
 257 2  -2.2029697260689844
 257 3  2.1077563563242925
 258 1  -5.613148914246938
 258 2  -2.8094603336145334
 258 3  1.7882553672055914
 259 1  -4.5122771431641135
 259 2  -2.4976192392962413
 259 3  1.038150847474189
 260 1  -2.232745097354971
 260 2  -2.625687860273147
 260 3  0.35170769984239786
 261 1  -1.7786565432796402
 261 2  -2.66187935193708
 261 3  -0.24778545425193213
 262 1  -1.6568492060771323
 262 2  -2.141417275690145
 262 3  1.084394638915476
 263 1  -2.8514770228029787
 263 2  -1.1435866352348516
 263 3  3.0729295181673626
 264 1  -0.933294080831176
 264 2  3.3450151275888826
 264 3  1.8147272300360602
 265 1  -2.5183405233602887
 265 2  1.7265221162962447
 265 3  2.103338593650852
 266 1  -1.992426557249876
 266 2  3.223896582925295
 266 3  1.461059343318903
 267 1  0.2745677442702048
 267 2  2.0323073641146463
 267 3  0.7157769003672722
 268 1  0.949894296948581
 268 2  1.8699167278371411
 268 3  0.18056027709079403
 269 1  0.5339968028458966
 269 2  1.2163822774551871
 269 3  -1.0995104070416257
 270 1  -0.8245754866367793
 270 2  1.2301406610052936
 270 3  -0.49700817181623
 271 1  0.31906521880112515
 271 2  -0.2311747800131113
 271 3  -1.2414353038099033
 272 1  1.606502044521547
 272 2  -0.91321437676119
 272 3  -1.3574628778730693
 273 1  -0.637305936758001
 273 2  -0.3774505277189347
 273 3  -2.465954896113402
 274 1  -1.572369797958975
 274 2  0.7269206395860971
 274 3  -1.865758641684162
 275 1  -2.5389203911475793
 275 2  0.4934691999157134
 275 3  -1.5345847305915992
 276 1  -2.9408482880313915
 276 2  0.8499722683211901
 276 3  -0.21230535272989726
 277 1  -4.181765655329004
 277 2  0.5164016875512017
 277 3  0.06118567921645904
 278 1  -4.984145454394349
 278 2  0.014659640236116319
 278 3  -0.837809062775253
 279 1  -5.8997468837003435
 279 2  -0.6834052692884872
 279 3  -1.1654542922822786
 280 1  -5.659304586458765
 280 2  -0.43913775869189464
 280 3  -0.3548320895320592
 281 1  -5.3686013496378004
 281 2  -0.9030265703552585
 281 3  -2.474819837260264
 282 1  -5.23966434074137
 282 2  -1.1182939316833993
 282 3  -3.381846927509505
 283 1  -4.8276261106727185
 283 2  -1.3228686003149843
 283 3  -4.671821478567748
 284 1  -4.03669707144571
 284 2  -0.6168291067785785
 284 3  -3.321293535801319
 285 1  -3.7211749120397775
 285 2  -0.013425328393476281
 285 3  -1.918019677308223
 286 1  1.6318821049097865
 286 2  -2.485020245339164
 286 3  -0.533708125840722
 287 1  0.9081143303337976
 287 2  -2.459705155817522
 287 3  0.47331521772091584
 288 1  3.022312976950678
 288 2  -2.4469793602278735
 288 3  -0.7804956234165347
 289 1  0.8833782009052783
 289 2  -3.270789883454149
 289 3  -1.9048723528307812
 290 1  1.5563481894678346
 290 2  -3.6879207719971463
 290 3  -2.9076793259884663
 291 1  0.590209885411832
 291 2  -4.273153638437935
 291 3  -4.0873665797475915
 292 1  -0.6634291518260026
 292 2  -4.102416164141738
 292 3  -3.5982505616100102
 293 1  -0.05790485260670052
 293 2  -3.076622079529953
 293 3  -4.796843239372126
 294 1  0.8282829793169811
 294 2  -2.203646526700975
 294 3  -5.72297026174356
 295 1  -1.264601427114385
 295 2  -3.6696073034271444
 295 3  -5.321049809009313
 296 1  -1.77275958351814
 296 2  -4.441315054819663
 296 3  -4.276117738872555
 297 1  -2.5834227400003806
 297 2  -4.2909022249139275
 297 3  -3.3222156136913252
 298 1  -4.386525673124022
 298 2  -4.573330694093459
 298 3  -3.8763718256386217
 299 1  -4.215286095664736
 299 2  -4.684410182728758
 299 3  -4.683238081134915
 300 1  -4.8522265589583204
 300 2  -4.227942677076635
 300 3  -2.622136290059936
 301 1  -4.873275250837201
 301 2  -3.896297516994193
 301 3  -1.2577964482973127
 302 1  -4.852579217524637
 302 2  -3.5729631419798062
 302 3  -0.40418739006502047
 303 1  -2.994538330063051
 303 2  -3.5416881132285045
 303 3  -0.9175341534884949
 304 1  -2.1842903099558986
 304 2  -3.7486798746410823
 304 3  -2.020258652092046
 305 1  0.548268678730177
 305 2  -0.5208461011622686
 305 3  -5.785131615474101
 306 1  0.680034941793377
 306 2  -0.2594783083503042
 306 3  -4.1872270558315074
 307 1  1.357618138537757
 307 2  -0.5241463958831781
 307 3  -6.746833359218145
 308 1  -0.8126930453074159
 308 2  -0.3380689136461621
 308 3  -6.345484106734472
 309 1  -1.6157789259937336
 309 2  0.00810271441484216
 309 3  -6.970909196549049
 310 1  -3.152679238473592
 310 2  -0.146419051414451
 310 3  -7.015535650027712
 311 1  -3.8865958170044603
 311 2  -1.129355113375615
 311 3  -6.486985097976314
 312 1  -3.858847433051937
 312 2  -0.6114171642724626
 312 3  -6.18155886932395
 313 1  -3.732150657323121
 313 2  0.8698712704547938
 313 3  -4.486016589860208
 314 1  -4.170018981657161
 314 2  -1.6720619393727032
 314 3  -5.843044239154645
 315 1  -4.597738548963854
 315 2  -0.5419575728580962
 315 3  -5.491330390449462
 316 1  -4.707814848334653
 316 2  -0.6836992693886763
 316 3  -4.0255911212584055
 317 1  -5.01815456153764
 317 2  -0.9105080724030037
 317 3  -3.8377323946663235
 318 1  -5.156602311795017
 318 2  -1.035833395916286
 318 3  -2.2341177301254866
 319 1  -4.616489638800142
 319 2  -0.675153523287652
 319 3  -2.079390339888101
 320 1  -3.9484869457023124
 320 2  -0.8177201472083415
 320 3  -0.8097917201096165
 321 1  -3.9304320717945123
 321 2  -1.0192595667523232
 321 3  0.18420396358173707
 322 1  -2.5299110268797977
 322 2  -0.12401099993486886
 322 3  -1.045186591528916
 323 1  -1.72571752966748
 323 2  0.004868779030320621
 323 3  -2.1109118762577066
 324 1  -0.5023240836886854
 324 2  0.19547206025960334
 324 3  -1.7564079831837252
 325 1  -1.867080339649395
 325 2  0.004601506726658915
 325 3  -3.029126839376958
 326 1  -3.3737180650966954
 326 2  -0.3041041033429347
 326 3  -2.9771728238236723
 327 1  -3.4031657506784616
 327 2  0.6495810109787062
 327 3  -3.0189233210957878
 328 1  -2.1437896612548335
 328 2  0.6903473017372616
 328 3  -2.8397059569321295
 329 1  -4.155985128928306
 329 2  1.7359959201812345
 329 3  -3.3198048706313865
 330 1  -3.8131079155815115
 330 2  -0.6520111747496304
 330 3  -2.0167954785701436
 331 1  -4.2490810224827005
 331 2  -1.0531356198068762
 331 3  -1.4712705634594432
 332 1  -4.2557858738481364
 332 2  -2.158218082372795
 332 3  -0.9697879168588702
 333 1  -4.4729848099163245
 333 2  -2.8642574279304345
 333 3  -2.0675510243067254
 334 1  -3.1436094590419574
 334 2  -2.941563042600675
 334 3  0.08702819826375746
 335 1  -2.325582908153806
 335 2  -2.4890778781966376
 335 3  0.9967395076030913
 336 1  -2.642270869087328
 336 2  -4.105835855467563
 336 3  -0.41141951636146074
 337 1  -3.2399372351876132
 337 2  -4.246470262250566
 337 3  -1.8901354090534561
 338 1  -1.8736451255504833
 338 2  -4.189713477360536
 338 3  -3.0351958594320365
 339 1  -0.5450024761828282
 339 2  -3.9149392353292227
 339 3  -2.374305310204494
 340 1  0.3355460918027821
 340 2  -3.7565045845083227
 340 3  -1.82042576486668
 341 1  -0.6071893382608272
 341 2  -3.5669362666398556
 341 3  -1.9225503777757733
 342 1  -1.7989104429482397
 342 2  -3.8360719748353302
 342 3  -2.280157960270358
 343 1  -2.5487979935882894
 343 2  -3.730609472702892
 343 3  -1.3510019369065942
 344 1  -1.9674563372156515
 344 2  -3.5435381544078357
 344 3  -4.04850467346511
 345 1  -2.190421785875705
 345 2  -3.7403657366274548
 345 3  -3.66725450939203
 346 1  -1.552829411480001
 346 2  -1.7132057749891796
 346 3  1.6902391484127908
 347 1  -2.124029257148877
 347 2  -0.7634899808982362
 347 3  1.5866030109696814
 348 1  -1.2134258552837969
 348 2  -1.5262457037528654
 348 3  2.5274656532191178
 349 1  0.045308156657204675
 349 2  -1.9448400239989776
 349 3  1.0403728677535982
 350 1  0.8850845297125942
 350 2  -1.8598806151982241
 350 3  0.1486896049076143
 351 1  0.9830652761368543
 351 2  -0.815382924336223
 351 3  -1.373389329596226
 352 1  -0.2624310780251495
 352 2  -0.15501543491618683
 352 3  -1.9108614564214361
 353 1  0.7585321306352183
 353 2  1.293480132635755
 353 3  -0.6693509044873023
 354 1  2.183705181556089
 354 2  1.5501310092081884
 354 3  -0.3220990962327106
 355 1  -0.29034121334269797
 355 2  1.283696048037777
 355 3  0.4778332249396488
 356 1  -1.264630775127168
 356 2  0.4676090852264275
 356 3  -0.9555330206306981
 357 1  -2.0946675104908703
 357 2  -0.00011903157585046965
 357 3  -1.0276763584633417
 358 1  -2.103098839758219
 358 2  -1.8232681336631122
 358 3  1.3979812111310919
 359 1  -1.32677599314377
 359 2  -1.3617099487443622
 359 3  1.9614983053737818
 360 1  -2.6602802076435514
 360 2  -1.7796133090221513
 360 3  0.7590082824466858
 361 1  -3.605279677227109
 361 2  -2.1728779104530167
 361 3  0.009865230323051293
 362 1  -4.225463661319511
 362 2  -1.712551869020741
 362 3  -1.2217723054580072
 363 1  -3.683494106864585
 363 2  -0.9429424159299461
 363 3  -1.5392555683383584
 364 1  -2.425271814038059
 364 2  0.07020931551701744
 364 3  -1.8125909037860615
 365 1  2.125931272808607
 365 2  2.489275787945214
 365 3  1.3587791237263198
 366 1  1.1977277119626215
 366 2  2.743475808921432
 366 3  1.4033043507958771
 367 1  3.7522508425648087
 367 2  2.4800425311808345
 367 3  0.5809721806813353
 368 1  2.0853933280238457
 368 2  0.9552637599455536
 368 3  2.2689951892306763
 369 1  2.856694426811356
 369 2  0.43801313512927054
 369 3  2.8690429307358536
 370 1  3.4684499044604307
 370 2  -1.1919239012042513
 370 3  2.200757910620403
 371 1  2.2303680797055896
 371 2  -1.6720483747790396
 371 3  1.6472094325439222
 372 1  4.402318606912285
 372 2  -0.9842356515203967
 372 3  0.7606762721271053
 373 1  5.410386031019471
 373 2  -0.18363920420678637
 373 3  0.5937234017040295
 374 1  3.7302078869058057
 374 2  -0.9633284825071253
 374 3  0.5356626624065256
 375 1  2.510311508625246
 375 2  -1.9935815104943302
 375 3  0.6576860394609615
 376 1  1.426179355085853
 376 2  -1.9785523559907843
 376 3  -0.3260153821178924
 377 1  0.8628326038113893
 377 2  -2.2697145963286602
 377 3  -0.10956871129023009
 378 1  0.12061252149682698
 378 2  -2.3320356697586258
 378 3  -1.3503147560790898
 379 1  0.01695043052892835
 379 2  -1.1894912695773212
 379 3  -1.8472804505298899
 380 1  -0.5598606330714786
 380 2  -0.13939665590764783
 380 3  -2.5315720052551924
 381 1  -1.4476990011207493
 381 2  0.4506645428849971
 381 3  -2.97104667330734
 382 1  0.11456492855477857
 382 2  0.947249447837194
 382 3  -2.336011220625007
 383 1  0.9250860188909314
 383 2  1.1127208415841023
 383 3  -2.232117138833029
 384 1  1.5240507402688075
 384 2  2.0598627861718652
 384 3  -2.0107273500997325
 385 1  1.3269338060682452
 385 2  0.4050880052995267
 385 3  -1.9646880913013016
 386 1  0.9020490539461865
 386 2  -0.937001213566362
 386 3  -1.0973464835881732
 387 1  5.613308228965531
 387 2  1.4277163446207466
 387 3  -0.13214981269920598
 388 1  4.684164724134884
 388 2  1.4195666184477853
 388 3  -1.4011655750744552
 389 1  6.8574929660825115
 389 2  1.7174591532739238
 389 3  0.5008241824862936
 390 1  4.469580755895006
 390 2  2.4047288589456444
 390 3  0.8960587174618606
 391 1  4.7995618164373175
 391 2  2.519085149447059
 391 3  2.1336946633256795
 392 1  3.3939813558830245
 392 2  2.9453820706361293
 392 3  2.888988440611276
 393 1  2.2760340425312098
 393 2  2.7821897318883058
 393 3  1.9443217532280461
 394 1  3.12551768750434
 394 2  2.590709214736947
 394 3  3.134252042137089
 395 1  3.6155164713346646
 395 2  1.3761762324645352
 395 3  4.311032961910887
 396 1  1.5152822529907437
 396 2  3.2632077774900123
 396 3  3.5470692077099697
 397 1  1.2108972218833165
 397 2  2.569015857228135
 397 3  4.631252476699774
 398 1  1.377084751230081
 398 2  3.082705452519345
 398 3  1.979212923049439
 399 1  0.7297063847784693
 399 2  3.049667620196446
 399 3  0.9691165827306583
 400 1  1.212652488481551
 400 2  2.573068781495142
 400 3  0.34653532273643317
 401 1  -0.1164615968380969
 401 2  2.388369250052594
 401 3  -0.14863152947737424
 402 1  -1.7284976250731703
 402 2  2.165975713875994
 402 3  0.3415725941517024
 403 1  -2.221017705879807
 403 2  0.631161561471162
 403 3  0.5395658339574267
 404 1  -3.100530492001715
 404 2  1.4249398906605715
 404 3  -0.14651365299508076
 405 1  -1.3655964302619181
 405 2  0.6079959058531555
 405 3  1.637666587624997
 406 1  -0.4107863212400935
 406 2  -0.20943294728477999
 406 3  1.8874893021871073
 407 1  0.405676319126546
 407 2  0.37467946933702956
 407 3  3.049949195967429
 408 1  -0.7410083178705965
 408 2  0.10594301661830062
 408 3  1.7851351607005361
 409 1  -1.131426604219356
 409 2  2.6175764238534462
 409 3  1.0922604934107956
 410 1  -3.03115e-07
 410 2  15.2423
 410 3  -4.25514e-07
 411 1  3.8450464765915244
 411 2  0.6528342377949241
 411 3  -0.2706348487624988
 412 1  4.842772443014066
 412 2  1.4724875735168976
 412 3  -0.36004712015894635
 413 1  6.508713271406951
 413 2  1.186404591825919
 413 3  -0.22342758313977473
 414 1  7.3858595611169315
 414 2  1.8606082539187088
 414 3  0.7816405127517669
 415 1  7.643870899025832
 415 2  1.7415687067356684
 415 3  2.3776879983387738
 416 1  7.130034790635781
 416 2  2.6938665721809087
 416 3  3.4192760171114864
 417 1  5.902096949758354
 417 2  3.348687053839486
 417 3  3.745046824728822
 418 1  4.8448089142577615
 418 2  3.0356315937470266
 418 3  4.5841196396963
 419 1  3.818085498141283
 419 2  3.9256904204399103
 419 3  4.635502150514056
 420 1  2.5955341572545434
 420 2  3.7029809255094293
 420 3  5.178493132100206
 421 1  1.9902176285033544
 421 2  4.664578564936678
 421 3  6.030061628408818
 422 1  0.6583302719933194
 422 2  4.36138747838245
 422 3  6.684114830804977
 423 1  0.45894073408885905
 423 2  5.6285656520269125
 423 3  7.623139923072538
 424 1  -1.0066920068463205
 424 2  5.969811803648781
 424 3  7.497646514548315
 425 1  -0.5982853855839008
 425 2  -0.5257615765113481
 425 3  -3.2996314183068804
 426 1  -3.541334454847339
 426 2  0.2633237782041147
 426 3  2.08544826156542
 427 1  2.6542927701438837
 427 2  1.3270558002605497
 427 3  -2.459003136598636
 428 1  3.0480555231097055
 428 2  4.722684756454428
 428 3  1.0134370058550113
 429 1  6.034452980732954
 429 2  3.4073596372932533
 429 3  2.13415304753074
 430 1  2.2094203386964124
 430 2  0.6488503444388646
 430 3  -0.6009689013372449
 431 1  0.796354713554002
 431 2  -4.681559092778388
 431 3  0.8532557434823995
 432 1  -2.1028244852198474
 432 2  -1.8278737190539232
 432 3  0.7093206534432839
 433 1  2.1008212445824226
 433 2  0.3160186992234773
 433 3  2.0099288930365566
 434 1  -1.1667156968101355
 434 2  -0.17617953968636768
 434 3  -2.5706191381037873
 435 1  0.317710327804286
 435 2  -1.0538328669241233
 435 3  -2.2387556365976913
 436 1  4.438660712663726
 436 2  -1.3248532191873368
 436 3  -2.833758888462975
 437 1  1.3783564464489761
 437 2  0.009021646155517088
 437 3  -0.64185053499079
 438 1  -0.9696895140549721
 438 2  -2.479996734638676
 438 3  0.7376948920766768
 439 1  0.9315662906682602
 439 2  -0.08727884629953059
 439 3  1.791591425404163
 440 1  -0.39665979104354454
 440 2  1.6975399774031439
 440 3  -0.5266211584066521
 441 1  -2.537150416061442
 441 2  0.031894520805009215
 441 3  -0.9394256305063633
 442 1  3.8290740704951665
 442 2  3.0751741796096566
 442 3  1.0122687506902557
 443 1  -3.4413564438097572
 443 2  1.916365081090302
 443 3  -3.820301527953571
 444 1  -2.0766682998408235
 444 2  0.16336932947170005
 444 3  -2.3969210043013405
 445 1  0.6902741720307017
 445 2  0.6519902018308283
 445 3  0.782676194012736
 446 1  1.2828709991716158
 446 2  -0.713265591891257
 446 3  -1.7944468271246186
 447 1  0.5380220929253521
 447 2  0.038721195634510354
 447 3  -0.1015041611710535
 448 1  -1.3036467189628789
 448 2  -3.373295171480411
 448 3  1.391775913719078
 449 1  1.1148055451843604
 449 2  0.7529958772156807
 449 3  0.22980786889336732
 450 1  -1.682966832971222
 450 2  -3.195468182278357
 450 3  -4.026429400785365
 451 1  -4.694166311278398
 451 2  0.16419341919663885
 451 3  0.23740372346111785
 452 1  -2.3107039491323818
 452 2  -3.065110252919738
 452 3  -0.2795047950646184
 453 1  3.1082924416138935
 453 2  5.377107978441985
 453 3  1.2322582782516769
 454 1  -0.18430714718379265
 454 2  -0.33625173370218236
 454 3  -2.034087993962665
 455 1  -2.9458688742679686
 455 2  0.30870667561332477
 455 3  2.0688284439625795
 456 1  -3.7962309920689488
 456 2  3.4639504282925655
 456 3  -0.16035526270116712
 457 1  -2.9107266188247802
 457 2  -1.722786403986691
 457 3  1.3377614569017617
 458 1  2.154957901881776
 458 2  5.538376278548346
 458 3  4.670360043998956
 459 1  2.812700461479181
 459 2  0.0040668731769413595
 459 3  2.38636903787568
 460 1  -2.1140316347158166
 460 2  -0.9124142737220039
 460 3  2.9806650328179933
 461 1  6.009440340856597
 461 2  -0.45798544382156736
 461 3  2.020101954247289
 462 1  3.494473373560312
 462 2  -3.2219036826269516
 462 3  1.015403314356613
 463 1  0.7644192424254479
 463 2  4.841930592293277
 463 3  2.347362105288258
 464 1  -1.4243635539502673
 464 2  -2.0767493005818594
 464 3  1.571757871484577
 465 1  4.997653331242973
 465 2  2.0346620070587362
 465 3  3.820630078171614
 466 1  -0.4191281535654785
 466 2  3.528611688347752
 466 3  0.3063602159481943
 467 1  2.501602556245586
 467 2  1.341663388105389
 467 3  5.226961892612275
 468 1  -3.5914629799834215
 468 2  -2.9125158619698905
 468 3  -1.5852539893020743
 469 1  -0.0439351367451708
 469 2  0.6722783912863187
 469 3  0.9995972934653691
 470 1  1.027260383622761
 470 2  3.7143122347215134
 470 3  -0.5619240333996485
 471 1  1.896130039141865
 471 2  2.0405991789974616
 471 3  3.520700800440905
 472 1  -1.5116533710870275
 472 2  -0.4123089182258679
 472 3  -1.2443787785105567
 473 1  -3.235093854889555
 473 2  1.4706367966314646
 473 3  1.2632084656342397
 474 1  3.76823e-05
 474 2  2.36842e-07
 474 3  13.5138
 475 1  4.575448215910193
 475 2  -0.18822527196833047
 475 3  1.177268855156866
 476 1  8.66721617279621e-09
 476 2  -1.251957272899999
 476 3  5.1560498847466264e-08
 477 1  -0.1913728349994153
 477 2  0.924966205430848
 477 3  4.978194915846366
 478 1  -0.8462097454205417
 478 2  0.04405793465613412
 478 3  -0.41675032780299515
 479 1  -1.851526598125789
 479 2  2.0551717469735284
 479 3  1.5362845936529235
 480 1  -1.0277419918219493
 480 2  -2.449770350393115
 480 3  -2.111793922883192
 481 1  2.365618739752943
 481 2  -1.6405519176762176
 481 3  2.473804216345647
 482 1  0.6178452862963638
 482 2  1.2912483589857888
 482 3  3.985469028197935
 483 1  1.6942943282128171
 483 2  1.211338970061584
 483 3  0.784089590009633
 484 1  -1.5749613589924156
 484 2  0.7763509783003405
 484 3  2.486786054596401
 485 1  5.553903724858945e-09
 485 2  -0.8022472728999993
 485 3  3.301892317313974e-08
 486 1  1.721649418906066
 486 2  2.40475623853191
 486 3  3.3288746420744686
 487 1  -1.4220553484658242e-08
 487 2  2.0541227270999984
 487 3  -8.457690540060617e-08
 488 1  -0.46623237202789475
 488 2  0.9911779845098215
 488 3  -1.9746377572875988
 489 1  -0.8415664954055468
 489 2  -1.1928329950088818
 489 3  2.655326085255694
 490 1  -0.6179484553014976
 490 2  -0.6375458334656844
 490 3  -0.9553175160518838
 491 1  -0.7398052478991533
 491 2  -0.513767579922113
 491 3  -2.778048317829502
;
